4.63225e-03
4.54885e-01
2.48838e-02
3.78221e-03
7.54866e-03
3.17412e-01
2.08930e-01
2.83272e-01
6.98388e-01
4.75440e-01
4.70857e-01
6.78383e-01
2.75268e-01
1.15613e+00
1.34583e-01
5.00148e-01
2.34525e-01
2.37861e-01
1.84219e-01
1.93766e-01
9.64065e-01
5.68539e-01
3.15104e-01
6.89707e-01
2.78174e-01
1.17249e+00
2.96339e-01
6.05662e-01
9.60006e-01
3.36523e-02
3.90129e-01
6.71702e-01
2.70740e-01
1.17277e-01
5.09828e-01
1.27674e-01
1.88007e-02
5.04632e-01
1.78542e-02
1.82112e-02
1.67355e-01
2.90041e-01
8.17893e-01
6.39270e-01
9.46816e-03
1.42588e-01
3.10868e-02
3.12101e-01
3.27295e-01
3.02486e-01
4.06939e-01
8.65975e-02
6.46661e-01
4.09821e-01
2.87999e-01
2.51978e-01
1.77839e-01
9.80209e-02
3.28846e-01
1.09742e-01
9.96187e-01
4.61142e-01
3.62634e-01
7.07465e-01
1.43343e-01
2.34141e-01
6.52844e-02
5.43029e-01
8.52704e-01
4.06491e-02
2.55165e-01
1.95407e-02
2.96726e-01
2.49890e-02
6.65539e-01
3.50189e-01
9.27716e-01
2.09455e-01
8.67200e-01
1.77507e-01
6.05924e-01
4.88167e-01
1.73325e-02
2.56153e-01
3.26540e-01
9.71206e-01
6.27593e-01
2.26081e-01
6.10675e-01
7.12523e-01
4.51732e-01
6.49068e-01
8.86894e-02
6.77346e-02
7.24594e-01
1.95224e-02
9.97964e-01
7.84210e-01
4.93782e-02
3.76421e-01
4.47541e-02
7.53744e-01
7.28227e-01
6.22024e-01
2.99260e-01
5.58654e-01
2.67103e-01
2.26723e-01
1.77436e-01
8.22728e-01
1.02656e-01
6.00715e-01
8.20150e-02
5.81315e-01
2.66460e-01
1.40042e-01
4.90426e-02
7.75378e-02
1.82426e-01
2.28461e-01
6.94390e-01
4.04093e-01
1.00611e+00
1.08092e+00
2.14896e-01
3.11151e-01
1.15282e+00
5.43134e-01
2.53349e-02
2.18282e-01
1.92262e-01
2.88516e-01
5.27692e-01
3.94386e-02
6.00237e-01
1.10565e+00
3.33635e-01
4.31919e-01
3.73373e-01
9.57995e-01
3.70459e-01
1.00719e-01
7.38599e-01
6.72609e-02
2.92715e-02
9.40065e-01
5.25926e-01
5.14246e-01
1.02279e+00
4.91676e-01
3.68431e-01
6.30874e-01
4.87551e-01
5.03444e-01
3.46835e-02
6.84111e-01
1.09769e+00
3.98592e-01
6.33216e-01
7.71476e-01
2.58644e-01
8.35435e-01
3.64289e-02
1.71721e-01
1.35582e-01
3.68231e-01
7.00578e-01
5.22897e-02
2.78007e-01
1.59290e-01
5.82593e-01
4.63681e-01
6.34966e-02
2.23665e-01
2.14639e-01
1.24518e-01
1.47571e-01
4.69049e-01
9.15857e-02
2.04633e-01
4.87269e-01
1.01110e-01
6.15108e-01
1.76441e-01
3.03931e-01
9.86284e-03
5.63675e-02
8.03358e-01
4.87434e-01
3.76426e-01
3.19234e-01
5.30232e-01
1.36520e-01
5.47704e-01
3.71202e-01
1.87178e-01
3.78041e-01
4.59251e-01
1.79742e-01
8.66343e-01
4.89707e-01
1.11100e-01
8.12555e-02
3.07939e-02
6.63795e-01
5.09875e-01
2.07246e-01
4.69043e-01
7.25233e-01
4.51358e-01
3.40968e-01
6.34242e-01
2.46558e-01
1.13009e+00
7.21343e-02
1.21978e-01
1.49840e-01
2.49510e-01
3.50298e-01
1.82550e-01
1.48214e-01
2.82047e-01
1.82200e-01
1.36072e-01
5.22813e-01
1.49978e-01
3.98582e-02
8.15876e-01
9.89453e-02
1.24717e-01
7.91956e-01
1.61972e-01
1.32514e-01
4.88281e-04
6.73097e-01
3.15114e-01
1.35138e-01
1.22298e-01
6.77817e-01
2.85602e-01
3.95042e-01
3.31022e-02
8.66278e-01
2.80747e-01
5.30347e-01
1.29471e-01
6.34739e-01
8.10322e-01
3.36470e-01
1.67803e-02
4.99570e-01
1.03169e+00
4.92750e-01
8.89354e-01
6.95986e-01
1.39650e-01
6.01502e-01
5.63632e-02
7.25833e-01
6.34493e-01
6.09703e-02
6.66137e-01
1.10351e-01
5.88001e-01
2.38723e-01
1.71193e-01
8.66248e-01
1.50491e-01
2.02729e-01
1.78939e-01
2.80506e-01
9.40350e-01
2.29028e-01
2.44798e-01
1.34827e-01
4.01181e-01
2.15683e-01
5.34877e-01
8.86392e-01
7.01963e-01
3.14099e-01
3.76036e-01
1.56714e-01
3.08913e-01
4.62419e-01
2.69051e-01
9.51637e-01
9.84714e-01
3.48299e-01
7.43486e-01
4.08478e-01
3.13715e-01
5.68193e-01
5.77217e-01
4.34767e-01
5.89077e-02
2.62840e-01
4.12672e-01
4.08084e-01
4.01624e-01
6.55791e-01
3.63242e-01
5.29832e-01
2.52822e-01
1.87271e-01
8.83922e-02
2.03726e-01
3.50992e-01
6.31682e-01
2.45829e-01
7.78871e-01
3.79540e-01
6.94316e-01
7.10658e-01
4.54950e-01
2.21889e-01
5.10046e-02
1.28967e-01
9.32324e-01
9.62613e-01
1.15814e+00
7.81114e-01
9.52024e-01
1.40562e-01
2.58025e-01
6.32595e-01
1.00036e+00
2.91543e-01
6.40663e-01
1.64304e-01
1.64035e-01
7.78306e-01
1.19105e-02
6.66889e-01
4.58192e-01
6.76584e-03
4.46950e-01
1.71073e-01
7.98234e-01
3.43689e-01
1.15976e-01
2.23458e-01
2.40964e-01
5.35595e-01
6.03371e-01
5.00340e-03
1.00935e+00
2.78756e-01
1.02119e-01
1.41892e-01
7.93210e-02
3.52056e-01
1.45631e-01
2.40946e-01
1.03115e+00
6.93335e-02
1.10511e-01
5.26446e-01
3.90303e-01
7.58961e-02
6.28470e-02
5.19860e-01
1.40373e-01
1.36379e+00
7.45009e-01
2.08482e-01
1.02283e+00
7.81719e-01
1.34471e-01
2.35223e-01
1.87292e-01
3.88163e-01
2.47089e-01
4.16241e-01
5.59547e-01
1.00439e+00
3.34992e-01
6.99543e-01
6.52917e-02
1.50421e-02
6.90534e-04
3.97116e-01
3.87717e-01
1.72045e-01
5.88540e-02
4.88773e-01
2.62747e-01
6.56230e-01
4.77478e-01
2.30685e-01
2.70674e-01
6.52837e-01
1.06692e+00
2.03101e-01
4.28470e-02
8.43049e-01
8.72327e-02
6.68061e-01
2.03849e-01
1.82166e-01
2.93713e-01
3.60177e-01
5.79214e-01
2.67878e-01
7.41812e-01
1.38976e-01
1.44956e-01
3.44273e-01
4.76480e-01
3.18823e-01
2.48451e-01
3.73771e-01
5.12851e-01
1.29717e-01
1.15517e-01
1.04629e+00
5.77244e-01
7.99630e-01
1.48112e-01
6.59303e-01
4.76706e-01
4.48047e-02
8.57068e-01
3.85560e-01
4.23964e-01
4.28386e-01
8.41144e-01
3.88597e-01
8.45747e-02
5.86964e-01
1.76248e-01
3.44958e-01
2.81893e-01
4.82887e-01
2.07546e-01
3.35255e-01
3.43367e-01
3.49885e-01
1.01707e-01
4.82892e-01
1.21945e+00
2.02487e-01
7.03133e-01
4.26129e-01
6.67499e-01
1.86666e-01
6.02375e-01
5.30127e-01
6.29107e-03
1.29997e-01
2.30555e-01
7.18926e-01
8.70618e-01
5.91471e-01
3.91873e-01
1.71280e-01
3.82866e-01
8.12904e-01
9.85342e-02
6.30893e-01
6.52204e-02
2.68774e-01
2.43298e-01
2.15792e-01
2.05504e-01
5.93191e-01
1.14020e+00
2.52907e-01
3.97419e-01
9.38128e-01
4.78579e-01
9.33944e-01
4.23448e-01
7.78795e-02
5.16256e-01
3.10245e-01
4.03606e-02
2.20443e-01
4.19375e-01
3.06869e-01
4.79992e-01
2.47520e-01
4.52951e-01
5.74306e-01
5.29583e-02
6.99118e-01
1.40468e-01
1.45001e-01
4.26271e-01
4.67494e-02
3.83351e-01
6.02850e-01
8.97271e-01
4.51883e-01
1.89911e-01
5.18698e-01
5.55223e-01
5.17949e-01
3.38008e-02
2.50506e-01
2.34943e-01
2.31817e-01
7.56862e-01
9.95791e-01
8.62844e-01
3.83214e-01
1.01522e-01
3.40176e-01
3.94007e-01
5.41818e-01
3.70125e-01
2.24831e-01
3.39144e-01
3.06400e-01
2.99816e-01
5.90920e-01
2.97528e-01
1.70063e-01
1.68252e-01
6.61603e-01
2.74316e-01
1.64664e-01
4.60919e-01
8.11019e-02
1.20674e-01
3.20188e-03
1.28630e-01
5.03354e-01
1.57222e-01
1.19223e+00
5.93438e-01
1.78189e-01
4.52190e-01
3.63437e-02
2.04785e-01
8.33854e-01
9.99891e-01
7.35233e-01
1.36469e-01
1.19440e-01
1.00206e+00
4.97747e-01
8.16431e-01
4.18631e-01
3.05223e-01
6.29499e-01
8.13828e-01
2.47330e-01
4.69183e-01
5.41167e-01
4.76131e-01
7.25401e-02
3.15151e-01
4.45000e-01
3.85669e-01
5.33391e-01
5.32346e-01
1.19545e-01
4.76941e-01
1.13775e-01
8.25740e-02
3.50902e-02
4.15542e-01
1.81813e-01
3.51736e-01
1.75440e-01
3.98428e-01
7.31135e-02
2.92902e-01
1.31765e+00
1.15651e-01
8.66128e-01
1.01694e+00
5.81993e-01
9.55793e-02
4.18747e-01
2.32405e-01
7.55728e-01
4.71642e-01
8.45719e-02
9.32027e-02
9.60159e-01
1.12998e+00
5.55593e-01
3.48366e-01
7.47372e-01
2.83267e-01
5.67660e-02
3.15661e-01
8.75768e-02
5.50735e-02
1.81451e-01
2.40900e-01
9.02405e-02
8.42001e-01
6.30837e-01
2.89098e-01
6.39739e-02
9.42153e-01
2.66600e-01
4.36696e-01
1.46791e-01
5.43021e-01
3.07348e-01
4.96095e-02
2.72896e-01
5.37366e-01
4.57281e-01
8.52403e-02
3.44604e-01
4.24643e-01
2.80688e-01
5.91824e-01
3.00887e-01
6.51249e-01
2.69889e-01
3.87002e-01
8.26738e-01
2.86658e-01
4.92234e-02
1.71561e-01
4.37495e-01
7.43227e-01
8.39572e-01
2.79914e-01
6.25980e-01
5.00388e-01
1.19626e-01
6.97073e-01
4.94750e-01
1.73903e-01
1.52389e-02
2.67467e-01
5.29248e-01
6.94042e-01
2.19916e-01
8.01904e-02
3.17407e-01
5.17871e-01
4.62486e-01
1.56649e-01
3.04913e-01
6.12563e-02
8.93992e-02
4.81180e-01
1.52837e-01
8.80166e-02
5.47662e-02
2.27717e-01
1.92207e-01
3.96400e-01
9.85764e-01
8.90635e-02
4.26987e-01
2.89588e-01
3.24551e-01
6.37936e-01
6.53322e-01
4.06550e-01
8.27055e-02
1.98675e-01
6.53113e-01
7.86391e-01
2.64911e-01
9.16344e-01
3.85658e-02
9.63364e-02
6.32217e-01
1.61476e-01
7.75190e-01
8.80117e-01
2.14241e-01
3.00967e-01
3.58540e-01
4.60153e-01
3.91232e-01
9.22211e-01
5.28694e-01
4.97422e-01
7.07031e-01
5.42492e-01
5.90391e-02
6.05464e-01
6.17500e-01
3.94804e-01
7.64780e-01
1.27475e-01
3.49074e-01
1.70603e-01
1.67332e-01
4.07657e-01
5.21345e-01
1.81873e-01
2.51808e-01
2.99829e-01
1.70487e-01
2.09193e-01
1.08398e-01
1.38637e-01
3.22116e-01
8.43958e-01
6.08630e-01
2.82100e-01
5.96921e-02
4.03462e-01
6.15726e-01
3.42452e-01
1.32372e+00
4.27636e-01
9.31226e-01
7.40673e-01
2.54373e-01
6.59534e-01
5.47478e-01
6.31172e-01
3.82769e-01
3.67691e-01
1.04825e-01
4.58438e-01
3.61170e-01
2.11028e-01
8.50244e-02
5.05287e-01
5.40932e-01
1.09171e+00
1.32500e-01
9.15551e-01
3.41589e-01
5.52247e-01
5.59638e-01
3.11461e-01
4.96345e-01
8.30129e-01
3.13263e-01
5.45938e-01
3.56361e-01
5.01333e-01
1.57704e-01
1.04727e+00
9.56012e-01
3.57665e-01
8.17123e-01
1.58403e-01
2.93637e-01
3.50174e-01
7.53852e-01
5.27842e-01
2.82347e-01
5.02643e-01
4.12764e-02
1.54585e-01
7.28975e-01
1.52235e-01
5.31931e-02
5.18502e-01
9.18924e-01
6.61214e-01
1.22331e-01
1.13146e+00
7.90619e-02
1.14099e+00
1.61121e-01
2.83706e-01
2.87288e-02
8.23018e-01
1.03089e-01
7.92656e-01
1.42331e-01
6.00261e-01
2.31898e-01
4.20729e-01
2.18092e-01
5.57487e-01
2.19958e-01
1.07597e+00
3.60900e-01
4.92110e-01
4.58335e-01
5.30910e-02
6.78604e-01
6.93209e-01
7.45438e-02
3.40708e-01
5.02963e-01
7.11702e-01
4.35303e-01
3.46926e-01
4.11273e-01
3.05387e-01
8.85332e-01
3.60490e-01
8.78635e-01
2.66252e-01
1.03974e+00
4.59268e-01
1.01558e+00
8.91157e-02
3.29568e-01
3.78221e-03
2.27966e-01
2.98072e-01
4.80291e-01
5.90245e-01
1.49382e-01
6.11794e-01
7.03215e-01
4.61090e-01
2.97290e-01
4.01523e-01
7.44645e-01
1.27057e-01
2.11834e-01
3.77944e-02
2.56114e-01
4.30916e-01
2.66474e-01
1.17342e-01
8.03344e-01
4.72080e-01
3.70100e-01
1.05125e+00
2.82010e-02
9.86722e-02
3.49558e-01
1.87916e-01
1.00211e-01
1.44761e-01
2.92081e-01
9.18025e-02
7.43109e-01
9.18618e-01
8.60138e-01
2.70241e-01
9.81650e-01
1.75543e-01
8.22480e-01
6.12407e-02
6.92927e-01
8.82059e-01
2.11971e-01
1.28860e+00
6.01611e-01
4.84481e-01
8.97492e-01
1.26176e-01
1.77202e-02
2.33632e-01
2.58515e-01
5.00023e-01
4.33295e-01
3.02224e-01
1.32310e-01
4.80946e-01
2.80116e-01
2.95534e-01
9.50460e-01
6.36851e-02
1.52535e-01
8.60755e-01
3.75537e-01
8.35805e-03
5.99424e-02
2.72954e-01
5.00104e-01
7.70242e-01
1.57212e-01
3.10294e-01
4.74916e-01
5.86896e-02
9.74981e-02
8.89448e-01
1.05395e+00
8.68281e-02
2.15165e-01
2.28968e-01
7.30810e-01
1.85116e-01
8.02330e-03
1.52075e-01
6.56344e-01
4.08437e-02
3.50282e-01
8.59824e-01
7.50144e-01
6.79880e-01
3.69103e-01
3.32314e-01
4.84876e-01
6.79166e-02
3.30689e-01
2.42387e-01
9.10132e-01
2.86741e-01
1.23148e-01
1.99412e-01
1.62877e-01
1.06633e+00
2.53819e-02
2.08365e-01
1.38103e-01
4.43196e-01
2.88241e-02
1.17977e+00
7.03782e-01
1.15770e-01
2.76698e-01
6.89029e-01
1.39750e-01
4.73113e-01
5.28819e-01
7.83882e-01
4.32932e-01
4.43797e-01
9.11733e-01
5.43360e-01
1.53123e-01
9.00801e-01
5.95519e-01
1.34995e-01
5.51378e-01
2.79866e-01
2.32501e-01
8.39712e-01
3.87739e-01
8.04118e-02
7.42507e-01
8.95039e-01
3.19802e-01
3.53582e-01
2.37103e-01
1.56674e-01
1.09464e+00
7.27015e-01
8.84315e-01
5.45533e-01
7.39895e-02
2.56119e-01
7.28191e-02
5.92787e-01
4.65505e-01
8.06743e-01
4.01651e-01
4.78915e-01
6.66180e-01
6.35674e-01
1.91463e-02
9.47834e-02
8.35018e-02
2.46474e-01
4.76283e-01
5.36284e-01
1.15952e+00
2.23244e-01
3.93047e-01
7.98559e-01
7.23416e-01
3.82012e-01
1.65329e-01
3.56492e-01
7.07153e-01
2.14787e-01
2.25502e-01
4.74717e-01
5.02392e-01
3.30486e-01
1.00073e+00
9.62760e-01
5.44839e-01
1.51711e-01
4.86418e-01
9.97769e-02
1.32555e-01
8.70233e-01
3.52695e-01
2.23759e-03
2.49842e-02
4.48739e-02
9.91792e-02
9.63903e-01
1.04282e+00
1.96744e-01
2.19632e-01
2.44220e-02
6.59955e-01
1.37128e-01
9.30323e-01
6.43444e-01
3.14718e-02
7.51917e-01
1.99223e-01
8.80578e-01
2.80129e-01
3.31721e-01
9.45996e-01
3.39279e-01
2.51597e-01
7.39405e-01
1.03113e+00
8.64401e-01
1.35209e-01
